Multiple: 103.5773087

Baseline: 103.5773087